1904
35 45
29 53
30 40
38 51
38 41
35 53
30 58
30 49
27 39
37 36
29 46
25 53
36 51
27 54
33 50
26 38
36 56
26 52
32 46
29 55
30 55
32 49
26 39
31 42
31 42
29 56
31 50
32 49
33 56
40 57
38 42
37 44
41 43
40 44
42 48
42 35
25 51
37 38
40 49
34 50
38 44
33 49
40 43
34 38
42 48
33 56
32 49
27 37
42 58
35 58
37 52
27 43
42 39
31 49
26 38
41 49
38 38
30 36
31 37
26 38
39 54
28 39
26 43
33 39
28 39
28 43
38 52
27 44
28 37
37 53
42 51
33 37
25 49
33 57
34 49
42 44
30 55
41 55
40 53
35 37
32 50
37 57
34 42
34 55
25 36
26 56
39 40
33 40
35 43
32 37
35 42
29 48
34 45
39 48
36 43
35 53
34 51
39 44
25 51
35 37
42 55
25 49
31 57
36 43
40 54
27 49
41 41
38 45
29 58
39 45
34 35
41 35
26 38
32 43
26 41
36 48
40 38
34 37
28 43
27 46
38 56
38 38
39 56
34 47
