2184
28 57
28 50
31 54
38 53
36 49
34 43
38 53
34 57
28 38
34 47
35 47
28 58
27 46
38 50
36 36
42 56
36 55
31 44
30 46
42 47
27 35
32 47
32 39
35 49
33 51
31 35
25 46
37 54
37 40
32 54
38 36
34 42
27 46
25 58
30 44
34 56
33 39
41 43
29 53
42 39
40 51
40 58
33 52
34 46
41 41
34 38
30 42
27 40
30 35
39 55
31 44
40 41
41 45
35 39
42 47
27 36
29 58
33 36
32 52
38 44
38 53
41 39
38 39
42 47
27 55
37 47
39 50
36 35
38 39
37 48
42 39
30 53
37 53
35 56
26 49
35 43
38 39
34 54
37 51
34 53
30 43
34 50
35 40
26 43
26 46
31 58
41 36
40 44
26 44
29 52
35 37
40 43
33 41
27 45
35 40
30 56
37 54
34 42
25 51
36 36
39 35
29 41
40 43
33 40
27 40
38 37
26 49
25 53
27 42
27 35
40 43
33 48
26 52
30 42
33 39
38 35
30 47
35 51
28 55
36 45
40 43
32 44
37 50
40 43
31 37
37 52
25 52
