1989
28 58
25 48
39 54
27 53
33 56
29 44
29 51
38 38
31 42
29 45
39 54
30 58
42 56
30 45
25 45
25 42
37 48
37 47
36 42
26 36
34 46
39 41
42 49
33 35
36 58
26 57
27 36
35 36
28 52
42 58
32 44
40 51
36 53
25 53
30 52
39 49
36 50
39 58
31 54
41 49
35 50
36 57
36 50
31 39
36 55
33 47
39 45
35 38
41 47
42 50
36 39
39 56
32 49
26 38
35 38
34 45
29 58
33 56
37 41
42 41
32 57
28 57
30 53
25 57
30 38
29 58
31 49
40 48
38 47
33 50
28 58
37 48
42 36
37 44
38 39
30 51
42 45
28 56
25 56
27 35
39 58
32 54
38 48
29 35
42 49
34 56
27 53
39 54
41 52
34 53
26 42
26 41
41 53
28 49
36 44
26 38
27 44
27 50
26 57
36 40
25 51
39 57
28 50
31 54
28 43
27 51
26 52
34 54
39 51
32 55
31 52
35 51
39 43
41 58
31 41
32 43
41 36
36 50
25 57
38 47
33 52
39 53
