2199
41 42
27 37
28 40
33 47
34 49
37 36
26 54
31 51
34 46
27 38
26 39
28 56
28 58
33 44
28 49
31 43
41 46
25 52
38 57
30 48
42 45
41 58
35 54
28 50
42 42
35 37
34 50
38 55
32 42
33 42
41 58
27 41
42 52
38 55
27 56
40 53
29 36
41 56
33 58
34 53
29 46
28 50
37 49
40 51
42 58
27 37
34 55
36 38
32 57
38 48
41 51
31 43
25 50
42 48
30 53
41 46
38 41
38 50
40 44
33 40
40 52
38 36
39 51
32 50
25 35
34 53
37 55
42 47
29 50
35 56
26 53
40 47
31 49
36 55
33 50
38 43
37 41
42 53
26 53
28 44
39 53
33 58
25 51
41 40
25 37
36 37
41 53
34 46
34 56
40 38
32 36
33 51
34 40
35 52
25 40
41 42
42 40
32 52
36 49
26 52
42 48
42 40
27 54
35 38
32 53
31 46
35 40
40 53
41 36
28 41
32 53
36 40
32 48
26 36
42 38
37 44
30 56
40 41
40 39
25 46
41 38
