3123
27 45
41 58
42 58
30 48
42 53
42 35
36 51
31 57
35 44
28 51
26 38
31 52
33 40
32 42
33 49
30 40
34 51
42 56
28 45
32 47
37 39
27 50
26 51
29 57
40 35
28 45
38 45
35 49
31 39
42 46
37 39
40 36
42 51
30 36
37 50
33 55
39 51
34 47
32 52
31 41
28 39
34 39
27 44
29 51
42 37
41 46
25 37
34 37
26 46
38 52
36 49
26 47
34 55
26 41
25 44
37 48
33 51
30 56
38 43
40 51
26 54
29 55
27 47
29 36
32 50
31 51
35 51
26 44
25 42
42 40
28 58
35 51
32 35
30 52
42 43
28 49
36 43
32 55
34 50
32 57
38 57
42 40
29 36
36 46
36 58
28 47
41 56
37 48
41 44
42 37
29 51
34 58
41 53
34 49
25 43
41 46
39 52
32 39
41 43
30 39
29 39
32 50
38 56
37 53
41 52
30 44
33 54
35 52
30 41
28 36
29 57
39 51
36 58
28 41
33 35
31 52
41 38
36 48
29 43
33 38
40 42
37 41
31 56
34 50
25 42
34 42
42 40
29 50
42 50
37 58
27 40
42 56
33 41
32 51
28 55
39 52
40 46
25 51
25 45
28 37
42 50
33 51
30 36
40 45
40 44
27 53
32 57
38 46
34 48
30 37
25 39
36 55
42 47
27 35
34 51
39 53
29 56
33 42
33 38
41 43
42 53
39 47
28 48
36 35
42 37
