2533
28 38
29 44
34 57
33 48
25 42
34 48
26 35
39 48
36 57
30 49
30 47
37 43
28 53
41 42
42 36
27 47
28 45
28 42
33 53
32 53
35 57
36 49
36 50
41 48
28 43
31 54
31 43
31 47
42 50
30 38
36 50
39 51
36 48
38 45
38 58
29 43
28 58
33 57
31 52
32 52
32 42
25 55
37 45
27 45
27 47
26 47
32 40
32 44
27 49
30 42
31 43
35 48
34 52
25 39
26 36
32 52
40 50
25 53
34 43
38 51
34 57
39 48
26 39
27 42
25 50
30 35
42 56
27 53
39 52
31 48
34 58
36 58
34 57
39 44
34 57
34 43
39 51
31 56
29 45
32 49
31 50
42 48
32 40
28 41
37 53
32 41
33 57
34 41
28 42
32 35
31 36
30 43
26 41
36 54
41 57
38 39
32 49
30 57
26 56
32 52
28 35
37 41
35 58
42 55
29 44
38 54
25 41
27 51
33 53
25 55
38 41
30 36
38 47
30 50
35 41
28 57
35 43
41 36
39 58
40 51
27 42
26 42
34 36
35 55
27 42
40 54
25 48
41 48
26 46
32 36
27 41
32 46
36 50
36 36
27 53
29 56
34 45
34 57
27 46
25 41
29 49
25 50
42 42
34 56
33 39
36 54
42 54
34 47
37 51
31 57
32 45
42 47
