1654
25 39
30 58
28 49
39 51
25 45
39 35
33 54
34 38
41 55
25 40
38 50
34 51
38 57
35 46
31 35
28 39
41 43
31 51
35 39
37 35
38 36
26 50
31 53
30 42
40 55
27 39
26 38
42 40
35 57
37 53
36 46
25 37
31 47
27 45
35 47
41 53
25 41
35 54
30 47
30 51
31 54
34 56
28 47
27 40
34 41
26 56
28 57
38 54
31 40
36 36
39 58
42 53
40 57
29 57
42 55
39 49
30 36
37 43
37 50
26 48
42 50
38 37
40 46
26 52
35 41
42 50
31 35
36 39
36 44
41 36
27 43
26 58
42 43
40 40
27 47
41 50
40 53
36 49
36 54
34 51
39 57
26 41
42 37
37 43
40 45
37 42
40 56
36 43
40 38
27 55
41 44
40 50
27 53
36 54
39 51
30 54
25 38
42 46
38 55
38 43
34 46
34 54
33 44
31 45
35 55
28 43
33 41
